  I           V [12]              Base  [ 35 / 35 ]
-------------------------------------------------
  1  1.772706905971964e+001     0 0 0     0
  2 -1.848931186076534e+001     1 0 0     1
  3 -3.697862372153067e+001     0 1 0     2
  4 -1.154042394299163e+001     0 0 1     3
  5 -7.087575991585210e+000     2 0 0     4
  6 -2.835030396634084e+001     1 1 0     5
  7 -1.449428093602335e+002     1 0 1     6
  8 -2.835030396634084e+001     0 2 0     7
  9 -2.898856187204670e+002     0 1 1     8
 10 -3.854721386961538e+002     0 0 2     9
 11  1.534281942452657e+001     3 0 0    10
 12  9.205691654715943e+001     2 1 0    11
 13  1.937733950400651e+002     2 0 1    12
 14  1.841138330943189e+002     1 2 0    13
 15  7.750935801602604e+002     1 1 1    14
 16  6.735723009366250e+002     1 0 2    15
 17  1.227425553962126e+002     0 3 0    16
 18  7.750935801602606e+002     0 2 1    17
 19  1.347144601873250e+003     0 1 2    18
 20  6.068587441529362e+002     0 0 3    19
 21 -3.285447719097248e-001     4 0 0    20
 22 -2.628358175277798e+000     3 1 0    21
 23  4.600617029058785e+001     3 0 1    22
 24 -7.885074525833396e+000     2 2 0    23
 25  2.760370217435270e+002     2 1 1    24
 26  6.661365407467804e+002     2 0 2    25
 27 -1.051343270111118e+001     1 3 0    26
 28  5.520740434870538e+002     1 2 1    27
 29  2.664546162987122e+003     1 1 2    28
 30  2.981921569834647e+003     1 0 3    29
 31 -5.256716350555596e+000     0 4 0    30
 32  3.680493623247028e+002     0 3 1    31
 33  2.664546162987122e+003     0 2 2    32
 34  5.963843139669293e+003     0 1 3    33
 35  4.283094688553573e+003     0 0 4    34

